0.006833945608556178
0.02205743169497567
0.026332077353841566
0.05801709938189179
0.012656206528172512
0.010544852840907358
0.009797995600561308
0.036021097210267486
0.0205661433073479
0.005904399168460779
0.01237959972158623
0.04288564913615268
0.012825619965489208
0.020747518628660734
0.00935673020339892
0.05009503731395931
0.005889687066531007
0.016598088465318718
0.0574798661592339
0.025433819196436655
0.004743801038260166
0.0726486429450682
0.00517797955056296
0.006134820031089192
0.006567742921147991
